
 
   Name       f         |a|     constr_vio  cpu_time  
 BT1  -9.00028e+01 9.99969e-01 5.79731e-18  0.091
 BT11  8.24891e-01 3.35652e-13 1.70834e-16  0.098
 BT12  6.18812e+00 9.92531e-14 1.08326e-15  0.184
  BT2  3.25680e-02 2.14535e-15 3.03353e-15  0.191
  BT3  4.09302e+00 5.91196e-13 1.35257e-16  0.073
  BT4  -6.71833e+01 4.34690e+00 4.40500e-16  0.192
  BT5  9.61715e+02 2.09747e-13 2.83999e-15  0.077
  BT6  2.77044e-01 1.28331e-14 1.39608e-15  0.245
  BT7  6.85694e+01 7.71250e-01 2.52668e-17  0.193
  BT8  1.00000e+00 1.66667e-13 1.99855e-16  0.107
  BT9  -1.00000e+00 2.35702e-13 3.55256e-16  0.166
 BYRDSPHR -4.68330e+00 1.18571e-13 7.17480e-16  0.050
 DIXCHLNG -1.19990e-06 8.81469e-19 2.22691e-16  0.542
 GENHS28 9.27172e-01 1.33994e-13 1.77950e-16  0.122
 HS100LNP 6.80630e+02 2.37950e-13 1.49755e-14  0.296
 HS111LNP -4.77611e+01 1.02876e-12 4.50887e-15  0.551
 HS26  -1.99980e-07 0.00000e+00 8.61790e-09  0.298
 HS27  3.99998e-02 8.00014e-15 6.69173e-11  0.081
 HS28  -1.99980e-07 6.45201e-22 6.45201e-22  0.059
 HS39  -1.00000e+00 2.35702e-13 3.55256e-16  0.169
 HS40  -2.50001e-01 1.54956e-13 3.30520e-17  0.104
 HS42  1.38579e+01 3.95056e-13 2.65422e-16  0.074
 HS46  -3.99960e-07 1.65436e-24 2.66081e-10  0.305
 HS47  -2.67148e-02 1.43303e-13 1.10514e-14  0.436
 HS48  -3.99960e-07 0.00000e+00 4.44089e-16  0.078
 HS49  -3.99960e-07 0.00000e+00 1.77636e-15  0.446
 HS50  -5.99940e-07 6.01214e-22 4.44089e-16  0.075
 HS51  -5.99940e-07 9.64650e-24 8.27181e-24  0.085
 HS52  5.32665e+00 6.49850e-13 1.57218e-17  0.091
 HS56  -5.26034e+32 7.80343e+10 7.97594e+10  19.981
 HS6  -1.99980e-07 0.00000e+00 0.00000e+00  0.067
 HS61  -8.19191e+01 6.52264e-13 1.03181e-15  0.085
  HS7  -1.73205e+00 5.77832e-14 1.64261e-13  0.058
 HS77  2.41505e-01 1.82585e-14 6.05875e-15  0.147
 HS78  -6.59940e-07 1.80491e-21 5.70000e-09  0.294
 HS79  7.87762e-02 8.45454e-15 2.36689e-16  0.156
  HS9  -5.00000e-01 6.54505e-15 6.54505e-15  0.058
 MARATOS -1.00000e+00 1.00255e-13 1.09543e-16  0.041
 MWRIGHT 6.68749e+00 1.50612e+00 2.52608e-16  0.227
 ORTHREGB -1.19988e-06 3.09755e-22 1.77636e-14  0.324
 S316-322 3.34315e+02 1.84879e-12 9.85121e-18  0.075
 STREGNE -3.99960e-07 1.99533e-15 2.56578e-16  0.050
 EXTROSNBNE -2.00020e+00 1.15472e-14 9.33629e-05  39520.358
 LCH  -3.09886e+00 6.85610e-13 1.21647e-16  7.536
   Name       f         |a|     constr_vio  cpu_time  
 BT1  -9.00028e+01 9.99969e-01 5.79732e-18  0.106
 BT11  8.24891e-01 3.35652e-13 6.50885e-17  0.106
 BT12  6.18812e+00 1.77214e-13 1.07332e-09  0.063
  BT2  3.25680e-02 2.14535e-15 9.22478e-18  0.107
  BT3  4.09302e+00 5.91194e-13 7.80567e-17  0.093
  BT4  -1.59812e+21 3.08343e+07 2.41822e+14  46.430
 BT5  9.61715e+02 2.09747e-13 2.01200e-09  0.068
  BT6  2.77044e-01 1.28331e-14 4.27987e-16  0.252
  BT7  3.95913e+01 4.54077e-01 6.66134e-16  0.266
  BT8  1.00000e+00 1.66666e-13 1.05759e-11  0.167
  BT9  -1.00000e+00 2.35702e-13 1.33211e-16  0.114
 BYRDSPHR -4.68330e+00 1.20487e-13 1.87291e-15  0.067
 DIXCHLNG -1.10394e-06 8.02103e-16 1.45511e-16  0.550
 GENHS28 9.27172e-01 1.33994e-13 1.77950e-16  0.140
 HS100LNP 6.80630e+02 1.99958e-13 8.52422e-15  0.188
 HS111LNP -4.77611e+01 1.02876e-12 2.06758e-16  0.617
 HS26  -1.99980e-07 0.00000e+00 6.20569e-10  0.273
 HS27  3.99998e-02 8.00014e-15 3.78540e-14  0.152
 HS28  -1.99980e-07 4.59912e-22 4.59912e-22  0.061
 HS39  -1.00000e+00 2.35702e-13 1.33211e-16  0.113
 HS40  -2.50001e-01 1.54956e-13 7.79703e-17  0.087
 HS42  1.38579e+01 3.95056e-13 1.78667e-16  0.073
 HS46  -3.99960e-07 7.46115e-23 8.52267e-07  0.374
 HS47  -2.67148e-02 1.43303e-13 5.99331e-16  0.201
 HS48  -3.99960e-07 1.41436e-22 3.33067e-16  0.078
 HS49  -3.99897e-07 9.59672e-23 8.88178e-16  0.442
 HS50  -5.99431e-07 3.67655e-21 8.88182e-16  0.156
 HS51  -5.99940e-07 1.63773e-23 2.22045e-16  0.065
 HS52  5.32665e+00 6.49850e-13 3.97896e-17  0.138
 HS56  -2.56653e+28 2.08882e+10 7.83897e+08  31.930
 HS6  -1.99980e-07 3.14329e-23 3.55625e-09  0.060
 HS61  -1.43646e+02 2.75942e-13 2.16200e-15  0.104
  HS7  -1.73205e+00 5.77832e-14 8.87663e-14  0.059
 HS77  2.41505e-01 1.82585e-14 8.17714e-16  0.214
 HS78  -2.91970e+00 1.70799e-13 2.65050e-12  0.071
 HS79  7.87762e-02 8.45454e-15 2.36689e-16  0.101
  HS9  -5.00000e-01 6.53669e-15 6.53669e-15  0.055
 MARATOS -1.00000e+00 1.00250e-13 1.13710e-16  0.042
 MWRIGHT 2.49788e+01 7.01482e-13 1.20825e-16  0.132
 ORTHREGB -1.19988e-06 2.14430e-23 4.16334e-16  0.143
 S316-322 3.34315e+02 1.84876e-12 9.21314e-17  0.070
 STREGNE 5.16072e+23 3.45796e+04 1.27329e-09  17.372
ELEC  1.45745e+04 2.61701e+01 7.36183e-05  13373.597
EXTROSNBNE -2.00020e+00 1.15472e-14 6.62642e-05  39451.818
 LCH  -1.09073e+27 5.60831e+09 2.17389e+16  337.282
SPIN2OP -1.99980e-05 1.18994e-20 5.08737e-15  5.155
  Name       f       numzero      |a|     constr_vio  cpu_time  
 BT1  -3.98112e-08    0     1.00000e+00 1.29186e-12  0.061
 BT11  4.10739e+00    0     1.79083e+00 3.43475e-16  0.139
 BT12  5.98993e+01    0     3.42166e+01 1.13687e-13  0.146
  BT2  3.61205e+00    0     2.03104e+00 5.32907e-16  0.318
  BT3  5.52885e+00    0     5.21363e-01 5.55112e-17  0.142
  BT4  1.08972e+01    0     5.00000e+00 5.13367e-13  0.175
  BT5  9.68996e+02    0     5.00000e+00 5.32907e-15  0.077
  BT6  6.01741e+00    0     2.66999e+00 1.38778e-15  0.248
  BT7  3.11121e+02    0     2.95804e+00 8.88178e-16  0.339
  BT8  2.00000e+00    0     1.00000e+00 4.57502e-12  0.196
  BT9  -7.98599e-08    1     1.97939e-09 3.77543e-18  0.346
 BYRDSPHR -5.96006e-08    0     3.00000e+00 3.32181e-09  0.100
 DIXCHLNG 2.48213e+03    0     3.30933e+00 1.22125e-15  0.894
 GENHS28 2.38929e+00    0     5.39825e-01 1.11022e-16  0.172
 HS100LNP 6.92775e+02    0     5.63571e+00 8.95117e-16  0.393
 HS111LNP -2.94410e+01    0     5.20958e+00 3.33067e-16  0.278
 HS26  2.50807e+00    0     1.41424e+00 4.44089e-16  0.199
 HS27  1.79000e+00    0     1.11803e+00 4.93703e-17  0.108
 HS28  4.44444e-01    0     3.33333e-01 1.11022e-16  0.081
 HS39  -7.98599e-08    1     1.97939e-09 3.77543e-18  0.342
 HS40  1.00000e+00    0     1.00000e+00 2.19958e-13  0.107
 HS42  1.95845e+01    0     2.87228e+00 4.44089e-16  0.124
 HS46  3.16043e+00    0     1.76061e+00 6.66134e-16  0.173
 HS47  4.42052e+00    0     2.05678e+00 6.16202e-17  0.147
 HS48  5.00000e+00    0     2.23607e+00 3.33067e-16  0.162
 HS49  3.52145e+00    0     2.03154e+00 8.88178e-16  0.129
 HS50  4.79674e+00    0     2.10384e+00 6.98063e-18  0.196
 HS51  4.98837e+00    0     2.22728e+00 1.60444e-16  0.117
 HS52  5.93156e+00    0     7.57287e-02 6.93889e-18  0.217
 HS56  -8.41233e-08    4     5.56167e-08 9.57090e-15  0.323
  HS6  8.75000e-01    0     2.57694e-01 1.38778e-16  0.085
 HS61  -1.33156e+02    0     6.36431e+00 1.77636e-15  0.192
  HS7  -3.99400e-08    0     1.73205e+00 4.44089e-16  0.085
 HS77  5.54937e+00    0     2.45053e+00 1.38778e-15  0.243
 HS78  3.74746e+00    0     3.16228e+00 5.32907e-15  0.091
 HS79  7.03920e+00    0     3.03189e+00 2.22045e-15  0.146
  HS9  -3.99202e-08    0     6.00850e-12 2.64698e-22  0.037
 MARATOS -3.99496e-08    0     1.00000e+00 5.46763e-12  0.043
 MWRIGHT 3.16416e+01    0     3.40810e+00 6.66134e-16  0.179
 ORTHREGB 7.35709e+01    0     2.22963e+01 1.55982e-16  1.123
 S316-322 3.48457e+02    0     1.00000e+01 4.66294e-15  0.044
 STREGNE 2.00060e+00    0     1.41421e+00 1.86415e-17  0.326
 ELEC  2.51898e+04    0     1.53478e+01 4.00293e+00  17658.609
 LCH  -1.37911e+00    0     1.00372e+00 6.24500e-17  3448.155
SPIN2OP 8.83235e+01    0     3.04007e+01 2.09628e-09  8.167
 EXTROSNBNE -1.00002e+00   997    3.34446e-06 4.91470e-14  2420.979
  Name       f       numzero      |a|     constr_vio  cpu_time    status   
 BT1  6.38337e-07    0     1.00000e+00 6.72948e-09  0.061
  Optimal Solution Found.
BT11  4.10739e+00    0     1.79083e+00 1.11022e-16  0.118
  Optimal Solution Found.
BT12  5.98993e+01    0     3.42166e+01 1.13687e-13  0.109
  Optimal Solution Found.
 BT2  3.61205e+00    0     2.03104e+00 1.60856e-16  0.211
  Optimal Solution Found.
 BT3  5.52885e+00    0     5.21363e-01 5.55112e-17  0.156
  Optimal Solution Found.
 BT4  -3.70689e+01    0     5.00000e+00 1.77636e-15  0.086
  Optimal Solution Found.
 BT5  9.68996e+02    0     5.00000e+00 1.05160e-12  0.068
  Optimal Solution Found.
 BT6  6.01741e+00    0     2.66999e+00 2.77556e-15  0.172
  Optimal Solution Found.
 BT7  3.11121e+02    0     2.95804e+00 8.88178e-16  0.305
  Optimal Solution Found.
 BT8  2.00000e+00    1     1.00000e+00 1.11597e-11  0.159
  Optimal Solution Found.
 BT9  -7.99300e-08    1     1.46384e-09 2.09878e-18  0.301
  Optimal Solution Found.
BYRDSPHR -5.94706e-08    0     3.00000e+00 6.28351e-11  0.090
  Optimal Solution Found.
DIXCHLNG 7.36166e+08    0     7.27910e+01 5.58729e+02  14.748
 Maximum Number of Iterations Exceeded.
GENHS28 2.38929e+00    0     5.39825e-01 1.11022e-16  0.159
  Optimal Solution Found.
HS100LNP 6.92775e+02    0     5.63571e+00 4.50424e-13  0.341
  Optimal Solution Found.
HS111LNP -2.94410e+01    0     5.20958e+00 1.38778e-16  0.184
  Optimal Solution Found.
HS26  2.45088e+00    0     1.41578e+00 1.00364e-13  0.106
  Optimal Solution Found.
HS27  1.79000e+00    0     1.11803e+00 5.67673e-18  0.114
  Optimal Solution Found.
HS28  4.44444e-01    0     3.33333e-01 5.67751e-18  0.090
  Optimal Solution Found.
HS39  -7.99300e-08    1     1.46384e-09 2.09878e-18  0.299
  Optimal Solution Found.
HS40  1.00000e+00    0     1.00000e+00 6.66134e-16  0.094
  Optimal Solution Found.
HS42  1.95845e+01    0     2.87228e+00 6.11911e-17  0.096
  Optimal Solution Found.
HS46  3.16043e+00    0     1.76061e+00 8.88178e-16  0.259
  Optimal Solution Found.
HS47  4.42052e+00    0     2.05678e+00 1.60855e-16  0.164
  Optimal Solution Found.
HS48  5.00000e+00    0     2.23607e+00 4.44089e-16  0.165
  Optimal Solution Found.
HS49  3.52145e+00    0     2.03154e+00 8.88178e-16  0.142
  Optimal Solution Found.
HS50  4.79674e+00    0     2.10384e+00 8.88178e-16  0.191
  Optimal Solution Found.
HS51  4.98837e+00    0     2.22728e+00 4.44089e-16  0.122
  Optimal Solution Found.
HS52  5.93156e+00    0     7.57287e-02 6.93889e-18  0.166
  Optimal Solution Found.
HS56  -1.39860e-07    4     3.34178e-15 1.77663e-23  0.353
  Optimal Solution Found.
 HS6  8.75000e-01    0     2.57694e-01 2.41890e-13  0.076
  Optimal Solution Found.
HS61  -1.33156e+02    0     6.36431e+00 4.44089e-16  0.092
  Optimal Solution Found.
 HS7  -3.99701e-08    0     1.73205e+00 4.44089e-16  0.061
  Optimal Solution Found.
HS77  5.54937e+00    0     2.45053e+00 2.77556e-15  0.192
  Optimal Solution Found.
HS78  3.74746e+00    0     3.16228e+00 2.54170e-11  0.082
  Optimal Solution Found.
HS79  7.03920e+00    0     3.03189e+00 4.44089e-16  0.121
  Optimal Solution Found.
 HS9  -3.99602e-08    0     2.94035e-12 1.05879e-22  0.040
  Optimal Solution Found.
MARATOS -3.98987e-08    0     1.00000e+00 4.02038e-11  0.036
  Optimal Solution Found.
MWRIGHT 3.16416e+01    0     3.40810e+00 1.11022e-15  0.185
  Optimal Solution Found.
ORTHREGB 7.35709e+01    0     2.22963e+01 1.39346e-15  0.653
  Optimal Solution Found.
S316-322 3.48457e+02    0     1.00000e+01 3.62066e-16  0.068
  Optimal Solution Found.
STREGNE 2.00033e+00    0     1.41421e+00 4.67156e-17  0.246
  Optimal Solution Found.
 LCH  -1.37911e+00   128    1.00372e+00 3.39381e-12  511.523
 Solved To Acceptable Level.
SPIN2OP 8.82978e+01    0     3.03845e+01 1.25376e-14  4.259
  Optimal Solution Found.
